
(7590, 0.3480596000446503) (4698, 0.32871735262880053) (2595, 0.3162277660168379) (2599, 0.3162277660168379) (12251, 0.3083675537092058) (12817, 0.30151134457776363) (4409, 0.29467524972247205) (7321, 0.29467524972247205) (4114, 0.2942592499736129) (5476, 0.2914530685162594)
(7590, 0.3480596000446503) (4698, 0.32871735262880053) (2595, 0.3162277660168379) (2599, 0.3162277660168379) (12251, 0.3083675537092058) (12817, 0.30151134457776363) (4409, 0.29467524972247205) (7321, 0.29467524972247205) (4114, 0.2942592499736129) (5476, 0.2914530685162594)
(10709, 0.1774288092361081) (10746, 0.14774733697654133) (8119, 0.14592732046682885) (4845, 0.14543902172906292) (1929, 0.14481857460118933) (10754, 0.14328931978350207) (7460, 0.14213116035564427) (9196, 0.14010100338939477) (10612, 0.13595897413228442) (10901, 0.1343179444720558)
(459, 0.3568642466838615) (189, 0.2717514111720349) (2595, 0.2658937903651577) (2599, 0.2658937903651577) (511, 0.253519781825888) (3247, 0.2477717882348621) (4831, 0.2427267114725778) (3303, 0.23525502445333307) (191, 0.23024262304551868) (2122, 0.22870697376658522)
(7152, 0.19233585680391507) (6119, 0.17207442185490854) (6169, 0.16881748097942595) (5037, 0.16231317776523282) (5061, 0.1310948896751337) (3980, 0.1304794404841286) (7097, 0.13046504642534812) (1856, 0.12909292580394144) (10567, 0.12887830171725034) (6578, 0.12505878490551542)
(3477, 0.2273412005510278) (4659, 0.21752576939158474) (3186, 0.1689002625143194) (3235, 0.1689002625143194) (8245, 0.16425465734923206) (3305, 0.14627191804326115) (1016, 0.1333112114775682) (10714, 0.12676457223640888) (3205, 0.11032649627034294) (13393, 0.10889041510981638)
(11790, 0.23313257675162732) (11821, 0.20852011575453036) (1074, 0.20487890833069783) (11825, 0.20189873391663476) (8822, 0.16387832120526338) (12018, 0.15258785023615049) (4904, 0.147902934747731) (5974, 0.1463776044897992) (8429, 0.13944422415668273) (9635, 0.13944422415668273)
(8590, 0.45076065364830215) (8605, 0.4010636099943331) (11164, 0.3804823482574689) (10263, 0.36277568493180956) (11764, 0.36277568493180956) (11384, 0.3624591342750097) (5204, 0.3561891566176974) (11772, 0.34733127478858694) (8586, 0.3452164183333022) (9137, 0.3452164183333022)
(8822, 0.32028805339041033) (12018, 0.2982216632665532) (4904, 0.2890653425827148) (8429, 0.2725334185950002) (9635, 0.2725334185950002) (2067, 0.246515752448859) (7637, 0.246515752448859) (5754, 0.2267615111588687) (8433, 0.2267615111588687) (8546, 0.2229837279184132)
